b'M$\x9c\xba\xbf[\x8f\xdd\tc\x18H\xa5N]\xc6\x04\x14\xb5~.\x94\xb2\x1c\x00\xd4\x0c\xe1e%\xad(\xac\xb4\x1f9\xcbi\x93\x85B\xa9\x82\x07\x12t\x8aj\xad\x92\x9d\xc6F\xeb\xf7\x11Q\xf8/\x01\x16)\xc4\xd4\x98\x19\x98\xb9\xba\xa4\x85nwKV\xdd\x96\x03\xd88\xda\x88\xbd\xd1F\x1c)\xae\x96\xbdx\xdb\xaco\x0eFt\x88Awj\xcf\x9d:\xb2p\x16&\xc3z\x06\xde9\n\x10oj\x17[!\x7f\x9f\xc3U\xd2M\x10\x18\x117l\xcc\xd4\xe0w`tY|T \x1b\xde\xa4Aa\xad\x9d\x8e\x94 u\xc4Q\xd1i\xa0m\x80l\xce\x12\x0e\xd0\x97nN\xb6\x88\xd7W\xab\xbc\xda\xa8dT\x9f\xb4\xe2\x12\xdf\xeds\x84k\xda2\x0c.\xeee\x0e\xc4O_2\xbe8\x04\x95\xe2\x06^\xef\x15\x8eM\xd5f\xd8@\xdf\xda\x00d\x98`\x1d7h\xa9\x8b\xe6\x81.\xbfIg\xd6Y\xfe\xdf\x16l\xeaUi^,A\x14\xab\xa2Y\xcf\x8cV\x88\x89$\xb5u\xf1\xd3?\xbb\xd3\x9b\x06&X\xb9G\xacLh\xe4\x95\x0c\xda\xdfd\xdce7\xc9)\x9cN\xaa{\xbd q\xa1W*\x18\xf1\x01\x80\x9d.Ri^g\x1b\xdeE\x9d\x01\xc0\x03\xa0\xeft\x95\x08c2I\xa4\xfb\xd4\x17\xa8\\\x1eHSO\x11\xd6\x86&\xf5rNlG\xc3\xefR\x83\x84\xd1\xf6gR\xc5\xb6\xceZ\xb6\x15\x1e\x91~\xdek\xbb\x90\x87\xfd\xd8i\xc8\x17\x0b\\\xa9P\xe9AV\x04\t\xfb\x84g\xbd\x16\xbf\x9d\xe5\xa6\xd1\x1d\xf0\xae\x04N\xc91\x13\r\x14\xa2\xdb\x04`\x9e\xeb}\xc7\x1d\r\xde\xf8\r\xc9\x8ef\xf4+\xea\xb1j\xf4\x91\xc8V\xc3-\xa7\xaa\xb57\x06\xcb\xba\xf1\x94\xb9\xbeN?"\xa6\\\xc9^\xc2PX{\x1d4L\x1b\xb9f\xedq\xe4\xbb\xfd\xa7a\x9cA\xc8O\x0e\x17\xfe\x9b\xa0W~~j>\xc6\xe8\\,!\xf1\x7f\xbc\xeb\x9e\x97\xa7z&\x9a\xc1p\x13s\x98\x0e\xa0\xfc\xa6\xa9\xf4\xce11o\x86\xdc\xdf\xe0\xedpS\x8c+\x10@\x04K\xd4\xa6\r\xf1\x12\x0cY\x93\x7f-\xdd\xe8M\r\xcfs\xc0\xd8ER*\xf3\x9f\xae\xcfG\x17tAK8\xd6`\xd6\x8b\x1c\x8d\x80\x0c\xc4!@Z\xe09[\xe6\xf7k\x1b]\xb5\xa0\r\xec\xa9Y\xed%\x1e\x93\xbf\xf3\xce\xd6\x8d\xd3t\xf1\xac\xfb\x03\x0f\xc6\x106\xe20\ti\xa5d\xef\xb0\x07c\xea\xc7\x8d\xc1\xc6\x83\xce\xc31(\xc5\xbasr\x8dx\xd7\xe1\x84\x8bf\x14\xe2q\x9c\r\xc2H\xa7\x83QF&\xc4O\xe3O\xfc\xfe\xc1\x9f\xb2\xb7\x1b{^\x00\x8f\xa7[\xf5#\xa7\xf8\xb4s\x17\xbb\xfc\xd6\x93\x98\xb7\xfd\xec\x12\xe5\xac\t\x93WM\xd8\x84\x97\x81\x05\xd4\xf5\xe1\x84\xbe\xeb\xe6d\xbc\xa7:\x0f\xad\xe7b\x12w\x83\xe0P2\xcf\xe9q*\x85}\x82HBk\x89\x9b2\xc9`\xa8Z\x98\x86\xc2\xb2\xd9.\x9d\xf6f\xb72,R\x11\xb9v\x84.\xe0\xeb\xe8*kL_\x82\xd0\x8d\x13%\xeb\t\xc9\xaec\xc8?v-M\x97\xe8\x97\xbb#\tI~\xe4\xbb\x94\xe2\x97Y\'\xca\xd4+r\xfe\xd9\xf6\xe0\xfa\xf0)Z\xd0\xdfi\xd5\xdc`(\x0b\x1b2G\x0b\xcd,\xa4XE\x9a7V\x8b\xab\xf7\xbf\xcd\x94`\xa0\t\xa6\xc2\xd4\x91p\x8d@\xf0\xcd\x8f\xa3}\x7fW\xff\xe1\x18\t\xcd\x97t\x8f\x87\xa7\xc0\x9b\xc8\xd7\x8fr\xf0\xcbk\xf5[$xw>Ah`1\xfd\x01Sl\xb2\x1e*\xf3\xc6P\xca\x0bD\xcf4\xb9\xce57L\x07\xd5\x8a\xe7\x17\x8f\xa8\xc2\xde\xe1D\x81\x9d]\x89=\xba\x89\xc3\t\xea\xf0n\x84\xc1\x13\xd76\xbb\xfe\xf1\x8dM@\xb64Y\xfa\xe9m\x83\x9b\xf9\xee$\xb6\xa4\x19\xe1K\xec\xceg\xd6h\xf8W\xad\x9c\x90\xd0\x85nxI\x0eT\xd1(\x0b\xb8!\x15\x90\xc7\x0c8\x8cox+\xcf\xc7\x9e\xe7\xe5 $\xb7w\xbb\xfa|\xc1u\xf2\'.\xd4\xa0\x9bq\xef-\xda\x92\x01\xac\xa0\x1b^$;\x10\xb4\x1c\xbc\xad\xbb\xd7\xa9b\xdb\xb8\xa5T\xcb\xaf\xe5\n\x02j\xf4\xacfW\xa6\xdaL\tS\xec\xcd\x14I7\xa3*\'\xcfS\x8e\x04/\x83/\xf0i,\xa6\xca8\xfb|\x15\xf3\xc1\xee\x9d]\x99\xf2\xad\x9a?%\x87\xa9=\x1d#[i\xdf\x8dT\x9d7\\\xfc\xba\x10c\xfb\x8f&\xbcq\x95\xcb\x90\xc2\x83\'H\xb5\xa7\x15\xae\xdf\xc5\xfc\x81\xc0\xaf\xb3I.\xa0\x7fmK\x0fD\xe3\xc9?bU6\x10\xb3\xd1\xac\x91l\xcd\xf3\x08\x0fE[\x08\xbb\xb3Ub\x90&\x83o\xe3%\x18\x8a:\xf2\xcc\x93\x8f\xa0\x8b\xf5\xa1\x9d\xff\xcb\x7fY{J\x1c\xb8\x1b"=\xf1\xa4\xf7wnZ\x8d\xe8O\r\x85B{HY\xdb\xab\x7f\xd48\x83\x11\xf6q\xa7\xe7,\x85\xe8\x84J\xbc\n\xa9J\xb6J\x12\xd9\x8f\xd4\xdc\x8e~\xffv\xfd\x13|d&*-\x8b\xb8\x1d\x8c\xd92\x8c\x13W\xbb\x99\xb5\x80J\xe3j>\xbf+\x035\xf3\xbb\x84\xa2\xc0\xcc\x97<!\xa5\x03~?\xa8\xd3\xda,!\xbe\xd6m2j\x9a\xc8z\x86\xef\xfe\xa0\xc6\x11O\xf0\xfd\xff\xa4c'
